{
 "cells": [
  {
   "cell_type": "code",
   "execution_count": 1,
   "metadata": {},
   "outputs": [],
   "source": [
    "import numpy as np\n",
    "import matplotlib.pyplot as plt"
   ]
  },
  {
   "cell_type": "code",
   "execution_count": 7,
   "metadata": {},
   "outputs": [
    {
     "data": {
      "text/plain": [
       "array([[9.51096716e-03, 1.26789503e-01, 3.56800583e-02, 3.56604322e-02,\n",
       "        3.30985647e-02, 1.54573045e-01, 8.49664317e-02, 7.90401201e-02,\n",
       "        1.38514300e-02, 3.76184081e-02, 5.85119714e-02, 9.90395507e-02,\n",
       "        5.36360592e-03, 6.94249049e-02, 6.87793467e-02, 8.80916596e-02],\n",
       "       [1.15257214e-01, 6.62590587e-02, 4.10490703e-03, 1.00467561e-01,\n",
       "        2.35447615e-02, 6.33285730e-02, 4.69194821e-02, 2.30833012e-02,\n",
       "        1.06155173e-01, 8.37851829e-02, 2.92220537e-02, 8.42712174e-02,\n",
       "        1.96625400e-02, 1.15528766e-01, 6.44187278e-02, 5.39914810e-02],\n",
       "       [6.27089774e-02, 8.90159111e-03, 7.41505595e-02, 3.77273406e-02,\n",
       "        8.32705359e-02, 5.90709788e-02, 3.75791964e-02, 1.32612286e-02,\n",
       "        6.89158749e-02, 9.50750113e-02, 1.07043712e-01, 5.99146022e-03,\n",
       "        7.21223337e-02, 8.35116294e-02, 1.04095153e-01, 8.65744172e-02],\n",
       "       [3.88480224e-02, 3.53073735e-02, 1.05268430e-02, 6.58282657e-02,\n",
       "        5.65643677e-02, 6.87942318e-02, 2.79386643e-02, 1.04734871e-01,\n",
       "        5.35005423e-02, 7.49910810e-02, 8.15589615e-02, 8.53303720e-02,\n",
       "        2.49675622e-02, 1.10249012e-01, 7.52472311e-02, 8.56125984e-02],\n",
       "       [8.62468319e-02, 3.71895361e-02, 4.54828861e-02, 7.15872994e-02,\n",
       "        7.43494199e-02, 4.24421420e-02, 8.50851181e-02, 9.64727230e-02,\n",
       "        7.25765156e-03, 9.44774909e-02, 4.35276998e-02, 9.07411330e-02,\n",
       "        8.29981188e-02, 1.33787323e-02, 4.99971468e-02, 7.87660703e-02],\n",
       "       [4.12570926e-02, 2.26309102e-02, 1.16548034e-01, 9.46317180e-02,\n",
       "        1.68270300e-02, 3.96331182e-02, 4.71223293e-02, 5.48354265e-02,\n",
       "        1.78925333e-02, 9.01565767e-02, 4.85937730e-02, 6.33241251e-02,\n",
       "        8.70551836e-02, 7.65413789e-02, 9.33186460e-02, 8.96321247e-02],\n",
       "       [3.93437541e-03, 3.79041447e-02, 1.01642266e-01, 4.71740003e-02,\n",
       "        8.94285074e-02, 4.03848792e-02, 7.27167137e-03, 1.00537602e-01,\n",
       "        1.12609595e-02, 8.38017822e-02, 5.26116785e-02, 9.60774229e-02,\n",
       "        5.09684304e-02, 8.23959630e-02, 1.01265115e-01, 9.33412031e-02],\n",
       "       [2.69297764e-02, 7.99596655e-02, 3.15021785e-02, 1.34953375e-01,\n",
       "        7.24036586e-02, 1.14568354e-01, 7.94531304e-02, 7.87696070e-03,\n",
       "        1.92702347e-02, 7.07110155e-02, 5.68166314e-02, 6.65164948e-03,\n",
       "        4.24529981e-02, 9.46181427e-02, 6.05765557e-02, 1.01255673e-01],\n",
       "       [1.14989174e-01, 1.14294489e-01, 1.13023588e-02, 1.44066755e-02,\n",
       "        3.93675738e-02, 2.40890645e-02, 5.60371336e-02, 9.77434616e-02,\n",
       "        1.16978782e-02, 1.03363541e-01, 2.58971035e-02, 4.26130329e-02,\n",
       "        7.81799263e-02, 5.47862294e-02, 1.14675238e-01, 9.65571202e-02],\n",
       "       [1.85847289e-03, 1.03320036e-01, 1.04858106e-01, 8.44260390e-02,\n",
       "        9.11355963e-03, 9.28429086e-02, 7.95340954e-02, 5.63867407e-02,\n",
       "        9.60998685e-02, 4.40467300e-02, 8.05935170e-02, 1.01505097e-01,\n",
       "        7.58880472e-02, 1.79397351e-02, 2.27230925e-03, 4.93147374e-02],\n",
       "       [7.16192800e-02, 2.95228254e-02, 3.20461408e-03, 1.22184745e-02,\n",
       "        7.29136939e-02, 1.16962321e-01, 9.88095805e-02, 1.01543387e-01,\n",
       "        7.45822050e-02, 8.25959722e-02, 4.92191576e-03, 1.56414331e-03,\n",
       "        1.12991976e-01, 5.57985863e-02, 8.76223019e-02, 7.31287229e-02],\n",
       "       [3.71759094e-02, 6.90439432e-02, 7.24662391e-02, 5.63565030e-02,\n",
       "        8.20665777e-02, 1.04220968e-01, 5.37420572e-03, 1.12645138e-01,\n",
       "        6.38588018e-02, 5.56623746e-02, 4.65889332e-02, 9.64499485e-02,\n",
       "        5.65997180e-02, 1.06502348e-02, 1.02733203e-01, 2.81073017e-02],\n",
       "       [6.87329117e-03, 6.64797854e-02, 5.00312135e-02, 4.53428510e-02,\n",
       "        4.37111525e-02, 2.24549124e-02, 1.28651654e-02, 7.61051897e-02,\n",
       "        9.11444087e-02, 8.33935880e-02, 1.00783356e-01, 9.57253229e-02,\n",
       "        1.00960508e-01, 8.97334322e-03, 8.49095252e-02, 1.10246387e-01],\n",
       "       [1.13660088e-01, 8.71924785e-02, 7.32311019e-02, 7.99948997e-02,\n",
       "        1.06002142e-01, 2.29880227e-02, 5.07466572e-02, 8.34662310e-02,\n",
       "        3.85629204e-02, 4.00942407e-04, 7.35429386e-02, 7.40240913e-02,\n",
       "        1.98949126e-02, 5.61896916e-02, 7.68499768e-02, 4.32529054e-02],\n",
       "       [7.37973382e-02, 4.08860358e-03, 1.08217670e-01, 3.19506170e-02,\n",
       "        1.02704009e-01, 1.01939633e-01, 5.56677350e-02, 6.97209412e-03,\n",
       "        8.17997813e-02, 1.76008115e-02, 9.99695901e-02, 4.40335369e-02,\n",
       "        1.10497482e-01, 1.49877401e-02, 5.10657855e-02, 9.47075721e-02],\n",
       "       [0.00000000e+00, 0.00000000e+00, 0.00000000e+00, 0.00000000e+00,\n",
       "        0.00000000e+00, 0.00000000e+00, 0.00000000e+00, 0.00000000e+00,\n",
       "        0.00000000e+00, 0.00000000e+00, 0.00000000e+00, 0.00000000e+00,\n",
       "        0.00000000e+00, 0.00000000e+00, 0.00000000e+00, 1.00000000e+00]])"
      ]
     },
     "execution_count": 7,
     "metadata": {},
     "output_type": "execute_result"
    }
   ],
   "source": [
    "random_matrix = np.random.rand(16, 16)\n",
    "transition_matrix = random_matrix / random_matrix.sum(axis=1, keepdims=True)\n",
    "transition_matrix[15]=np.zeros(16)\n",
    "transition_matrix[15][15]=1\n",
    "transition_matrix"
   ]
  },
  {
   "cell_type": "code",
   "execution_count": null,
   "metadata": {},
   "outputs": [],
   "source": [
    "class PolicyIteration:\n",
    "    def __init__(self, mdp, policy):\n",
    "        self.mdp = mdp\n",
    "        self.policy = policy\n",
    "    phi=np.random    \n",
    "    \n"
   ]
  }
 ],
 "metadata": {
  "kernelspec": {
   "display_name": "Python 3 (ipykernel)",
   "language": "python",
   "name": "python3"
  },
  "language_info": {
   "codemirror_mode": {
    "name": "ipython",
    "version": 3
   },
   "file_extension": ".py",
   "mimetype": "text/x-python",
   "name": "python",
   "nbconvert_exporter": "python",
   "pygments_lexer": "ipython3",
   "version": "3.11.5"
  }
 },
 "nbformat": 4,
 "nbformat_minor": 2
}
